10,115
10,157
10,27
10,161
10,171
10,149
10,255
10,169
11,5
11,4
8,7
29,3
29,2
29,1
20,3
20,2
20,1
19,3
19,2
19,1
12,3
12,2
12,1
11,28
11,27
11,26
11,25
11,24
11,23
11,22
11,21
11,20
11,19
11,18
11,17
11,16
11,15
11,14
11,13
11,12
11,11
11,8
11,3
11,2
11,1
10,301
10,275
10,249
10,247
10,239
10,181
10,155
10,145
10,131
10,123
18,1
18,3
10,93
10,69
14,1
14,3
10,21
13,1
13,3
10,19
10,11
10,3
10,2
10,1
9,7
9,5
9,3
9,2
9,1
8,15
8,14
8,13
8,10
8,8
8,5
8,3
8,2
8,1
3,3
3,2
3,1
2,3
2,2
2,1
0,386
0,0
58,34
58,33
